{"classes": ["Rijkaard", "Guardiola", "Vilanova", "Martino", "L.Enrique", "Valverde", "Setien", "Koeman"], "cm": [[19, 37, 0, 0, 12, 2, 0, 0], [16, 96, 4, 1, 10, 8, 0, 1], [1, 27, 0, 0, 2, 2, 0, 0], [3, 17, 0, 0, 7, 4, 0, 0], [5, 31, 0, 3, 40, 25, 3, 3], [6, 20, 0, 0, 35, 23, 0, 0], [1, 3, 0, 0, 5, 4, 6, 0], [5, 11, 0, 0, 11, 6, 1, 1]], "cmn": [[0.271, 0.529, 0.0, 0.0, 0.171, 0.029, 0.0, 0.0], [0.118, 0.706, 0.029, 0.007, 0.074, 0.059, 0.0, 0.007], [0.031, 0.844, 0.0, 0.0, 0.062, 0.062, 0.0, 0.0], [0.097, 0.548, 0.0, 0.0, 0.226, 0.129, 0.0, 0.0], [0.045, 0.282, 0.0, 0.027, 0.364, 0.227, 0.027, 0.027], [0.071, 0.238, 0.0, 0.0, 0.417, 0.274, 0.0, 0.0], [0.053, 0.158, 0.0, 0.0, 0.263, 0.211, 0.316, 0.0], [0.143, 0.314, 0.0, 0.0, 0.314, 0.171, 0.029, 0.029]]}